00000000000100000000011010010011
00000000010000000000010110010011
00000000000000000000111110010011
00000000000000000000001010010011
00000000000100101000001100010011
00000000000000000000000001110011
00000000000000101010111000000011
00000000000000110010111010000011
00000011110111100100000001100011
00000000000011100000011000010011
00000000000011101000111000010011
00000000000001100000111010010011
00000001000000000000000001101111
00000000000000101010111000000011
00000000000000110010111010000011
11111111110011101100010011100011
00000001110000101010000000100011
00000001110100110010000000100011
00000000000100101000001010010011
00000000000100110000001100010011
00000000000111111000111110010011
11111110101111111100000011100011
00000000000101101000011010010011
11111010110101011101010011100011
00000000000100000000100010010011
00000000000000000000001010010011
00000000000000000000000001110011
00000000000100000000111110010011
00000000000101011000010110010011
00000001010000000000000001101111
00000000000000101010010100000011
00000000000000000000000001110011
00000000000100101000001010010011
00000000000111111000111110010011
11111111111101011101100011100011
00000000101000000000100010010011
00000000000000000000000001110011